,Rating_1,Rating_2,Rating_3,Rating_4,Rating_5
1,4,1,5,1,4
2,6,3,4,4,4
3,6,2,6,4,3
4,6,2,1,4,3
5,5,2,4,6,3
6,3,4,5,1,4
7,4,1,1,2,4
8,4,4,4,5,1
9,3,2,6,1,3
10,5,3,6,2,4
11,5,2,2,4,2
12,3,2,6,4,4
13,4,1,5,5,3
14,3,3,6,1,3
15,6,2,2,6,2
16,3,2,4,4,1
17,5,3,2,6,3
18,3,4,1,5,4
19,4,4,6,5,4
20,6,2,4,2,1
21,3,4,1,4,4
22,6,2,1,6,3
23,4,4,6,1,3
24,6,4,3,4,2
25,3,1,3,6,3
26,6,3,5,6,4
27,3,4,5,6,1
28,4,2,4,4,4
29,3,4,1,5,4
30,6,3,5,3,4
31,3,2,3,1,1
32,3,2,6,4,1
33,4,3,6,1,3
34,4,2,5,1,1
35,4,2,1,3,3
36,5,1,1,3,1
37,3,3,4,6,1
38,6,2,5,6,4
39,5,1,5,4,1
40,4,1,5,4,1
41,4,1,5,6,2
42,4,1,6,5,2
43,5,1,2,1,4
44,3,1,2,4,3
45,4,1,4,2,2
46,5,3,6,1,2
47,5,1,6,6,3
48,4,4,5,5,3
49,4,3,3,4,4
50,3,2,4,6,1
51,4,1,1,4,1
52,6,3,3,1,3
53,6,4,2,6,4
54,3,4,4,6,2
55,3,3,2,3,4
56,6,4,3,6,1
57,6,4,4,1,4
58,6,2,6,5,4
59,6,1,6,3,2
60,5,4,6,5,3
61,5,4,4,4,2
62,5,3,5,2,1
63,6,1,1,2,4
64,3,2,5,4,1
65,3,4,2,5,1
66,4,1,2,6,3
67,3,3,1,4,3
68,4,3,6,4,4
69,6,3,6,4,2
70,4,1,2,2,4
71,5,4,2,4,3
72,3,4,4,4,4
73,4,3,4,2,2
74,5,3,3,1,3
75,4,3,3,3,3
76,5,1,1,3,1
77,5,1,3,1,3
78,3,1,6,6,3
79,3,1,1,4,3
80,3,2,4,3,2
81,5,1,2,6,3
82,6,2,6,2,4
83,3,2,5,1,3
84,6,3,6,4,1
85,3,1,6,2,2
86,4,3,3,1,2
87,4,1,1,2,2
88,4,2,1,6,2
89,5,2,4,5,4
90,3,4,3,3,4
91,3,3,4,6,1
92,5,4,4,1,4
93,3,1,3,5,2
94,6,1,2,4,1
95,4,4,1,3,4
96,4,2,1,4,1
97,3,2,2,3,3
98,4,1,1,4,1
99,4,3,6,6,3
100,4,3,1,4,3